Node : 0
DATA : hello
SHA 256 : [44, -14, 77, -70, 95, -80, -93, 14, 38, -24, 59, 42, -59, -71, -30, -98, 27, 22, 30, 92, 31, -89, 66, 94, 115, 4, 51, 98, -109, -117, -104, 36]
______________________________________________________________________________________________________________________________________________________
Node : 1
DATA : my
SHA 256 : [3, -124, 104, 81, -118, -40, 18, 46, 19, 17, 39, 67, -8, -112, -57, -70, -106, -84, 86, 101, -73, 29, -27, 72, -20, -21, 35, -23, -17, 35, 120, 5]
______________________________________________________________________________________________________________________________________________________
Node : 2
DATA : name
SHA 256 : [-126, -93, 83, 127, -16, -37, -50, 126, -20, 53, -42, -98, -36, 58, 24, -98, -26, -15, 125, -126, -13, 83, -91, 83, -7, -86, -106, -53, 11, -29, -50, -119]
______________________________________________________________________________________________________________________________________________________
Node : 3
DATA : is
SHA 256 : [-6, 81, -3, 73, -85, -10, 119, 5, -42, -93, 93, 24, 33, -116, 17, 95, -11, 99, 58, -20, 31, -98, -65, -36, -99, 93, 73, 86, 65, 111, 87, -10]
______________________________________________________________________________________________________________________________________________________
Node : 4
DATA : devan
SHA 256 : [0, 74, 21, -67, 22, -119, 83, -79, 55, 97, -60, 61, -65, -112, -6, -105, 66, -48, -35, -98, -21, -75, 13, 42, -15, 76, -36, -123, -33, 34, -5, -12]
______________________________________________________________________________________________________________________________________________________
Node : 5
DATA : harikumar
SHA 256 : [66, -61, 122, 8, 121, -21, -95, 123, -109, 63, 70, 90, -99, -29, 115, -114, -40, 76, -19, 62, -103, 82, 75, -109, -58, 74, 126, -11, -28, 46, -102, -8]
______________________________________________________________________________________________________________________________________________________
Node : 6
DATA : and
SHA 256 : [98, 1, 17, 27, -125, -96, -53, 91, 9, 34, -53, 55, -52, 68, 43, -102, 64, -30, 78, 59, 28, -31, 0, -92, -69, 32, 79, 76, 99, -3, 42, -64]
______________________________________________________________________________________________________________________________________________________
Node : 7
DATA : I
SHA 256 : [-88, 61, -48, -52, -65, -2, 57, -48, 113, -52, 49, 125, -33, 110, -105, -11, -58, -79, -56, 122, -7, 25, 25, 39, 31, -97, -95, 64, -80, 80, -116, 108]
______________________________________________________________________________________________________________________________________________________
Node : 8
DATA : am
SHA 256 : [-85, 109, -75, -103, 35, 77, 38, 54, 101, -100, -70, 26, -95, -111, -67, 1, 76, 56, 103, -43, -49, -83, -23, -113, -10, -108, 120, 92, 32, -62, -113, -58]
______________________________________________________________________________________________________________________________________________________
Node : 9
DATA : a
SHA 256 : [-54, -105, -127, 18, -54, 27, -67, -54, -6, -62, 49, -77, -102, 35, -36, 77, -89, -122, -17, -8, 20, 124, 78, 114, -71, -128, 119, -123, -81, -18, 72, -69]
______________________________________________________________________________________________________________________________________________________
Node : 10
DATA : student
SHA 256 : [38, 76, -116, 56, 27, -15, 108, -104, 42, 78, 89, -80, -35, 76, 111, 120, 8, -59, 26, 5, -10, 76, 53, -37, 66, -52, 120, -94, -89, 40, 117, -69]
______________________________________________________________________________________________________________________________________________________
Node : 11
DATA : TEST
SHA 256 : [-108, -18, 5, -109, 53, -27, -121, -27, 1, -52, 75, -7, 6, 19, -32, -127, 79, 0, -89, -80, -117, -57, -58, 72, -3, -122, 90, 42, -10, -94, 44, -62]
______________________________________________________________________________________________________________________________________________________
Node : 12
DATA : TEST
SHA 256 : [-108, -18, 5, -109, 53, -27, -121, -27, 1, -52, 75, -7, 6, 19, -32, -127, 79, 0, -89, -80, -117, -57, -58, 72, -3, -122, 90, 42, -10, -94, 44, -62]
______________________________________________________________________________________________________________________________________________________
Node : 13
DATA : TEST
SHA 256 : [-108, -18, 5, -109, 53, -27, -121, -27, 1, -52, 75, -7, 6, 19, -32, -127, 79, 0, -89, -80, -117, -57, -58, 72, -3, -122, 90, 42, -10, -94, 44, -62]
______________________________________________________________________________________________________________________________________________________
Node : 14
DATA : TEST
SHA 256 : [-108, -18, 5, -109, 53, -27, -121, -27, 1, -52, 75, -7, 6, 19, -32, -127, 79, 0, -89, -80, -117, -57, -58, 72, -3, -122, 90, 42, -10, -94, 44, -62]
______________________________________________________________________________________________________________________________________________________
Node : 15
DATA : TEST
SHA 256 : [-108, -18, 5, -109, 53, -27, -121, -27, 1, -52, 75, -7, 6, 19, -32, -127, 79, 0, -89, -80, -117, -57, -58, 72, -3, -122, 90, 42, -10, -94, 44, -62]
______________________________________________________________________________________________________________________________________________________
Node : 16
DATA : null
SHA 256 : [-44, 85, -34, 47, 15, -65, -8, -40, 0, -50, 82, 60, -44, 73, -18, 108, 38, 72, -3, 35, -50, 113, 59, -105, -121, 95, -81, -14, 55, -11, -43, 4]
______________________________________________________________________________________________________________________________________________________
Node : 17
DATA : null
SHA 256 : [-104, -90, 108, 67, 63, -15, -1, -114, -56, 46, -53, 27, 97, 110, -21, -73, 58, -5, 33, 2, -125, 104, 7, 120, 2, 85, 108, -41, -59, -26, 118, 119]
______________________________________________________________________________________________________________________________________________________
Node : 18
DATA : null
SHA 256 : [88, 98, -55, 118, -71, -118, 34, 53, 73, -39, -85, 28, -33, -95, 2, 78, 108, 53, 100, -99, 28, -29, -69, -38, 31, -96, 114, -100, 89, 52, -60, 120]
______________________________________________________________________________________________________________________________________________________
Node : 19
DATA : null
SHA 256 : [71, -40, -28, -16, 123, -38, -57, 20, 125, -19, 44, 41, 36, -5, -24, 98, -46, -35, -33, -92, -92, -6, -63, -100, 127, 8, 0, 46, -128, -6, 127, 95]
______________________________________________________________________________________________________________________________________________________
Node : 20
DATA : null
SHA 256 : [23, 89, -14, -126, -107, 21, 92, 94, -73, 18, 90, -28, -65, -78, -14, -21, 64, 8, 35, -1, 93, 67, -37, -1, 23, 70, 36, 32, -33, 69, 9, -87]
______________________________________________________________________________________________________________________________________________________
Node : 21
DATA : null
SHA 256 : [-108, 48, -40, -24, -97, -9, 54, 37, -76, 27, 83, -101, -47, -113, -14, -22, 33, 26, 23, 113, 63, 27, -18, 42, 16, 111, 122, 37, -107, 62, -22, 19]
______________________________________________________________________________________________________________________________________________________
Node : 22
DATA : null
SHA 256 : [-1, -81, -40, 62, -47, 38, 109, 115, -80, -63, 77, 30, 23, -104, 97, 80, 27, -24, -78, -109, -119, -39, 84, 51, -37, 59, 97, -7, 111, 91, -37, -89]
______________________________________________________________________________________________________________________________________________________
Node : 23
DATA : null
SHA 256 : [-1, -81, -40, 62, -47, 38, 109, 115, -80, -63, 77, 30, 23, -104, 97, 80, 27, -24, -78, -109, -119, -39, 84, 51, -37, 59, 97, -7, 111, 91, -37, -89]
______________________________________________________________________________________________________________________________________________________
Node : 24
DATA : null
SHA 256 : [-82, -30, -83, -58, -64, -4, -98, -21, -79, -48, 33, 103, 8, -54, 98, -21, 6, -96, -94, 100, 36, 78, -45, 62, -27, 26, 44, -89, 103, 50, 58, -92]
______________________________________________________________________________________________________________________________________________________
Node : 25
DATA : null
SHA 256 : [-79, -99, -56, -57, 115, -56, 5, -86, 33, 0, -67, 36, 48, 34, -30, -38, -124, 86, -24, -75, -118, -62, 97, 113, -7, -121, 47, -86, -47, 121, -36, -104]
______________________________________________________________________________________________________________________________________________________
Node : 26
DATA : null
SHA 256 : [32, 97, -29, -51, 30, 81, 0, -29, -90, -95, -51, -82, 69, 7, -115, -98, 45, 79, -9, -101, 26, 103, 95, -2, 100, 82, 90, -74, 9, -121, 1, -72]
______________________________________________________________________________________________________________________________________________________
Node : 27
DATA : null
SHA 256 : [18, -122, -110, 48, 53, -95, -36, -100, -8, -92, 66, 101, -69, 95, 60, 69, -125, 115, -16, -72, 112, -115, -61, 33, -46, -79, 55, 28, -50, 113, 83, -107]
______________________________________________________________________________________________________________________________________________________
Node : 28
DATA : null
SHA 256 : [-60, -65, 77, -102, -24, -127, 67, -45, 31, 59, 73, -81, -81, 40, -40, 58, -40, 103, -81, 116, -72, 74, -48, 4, -78, 77, 98, 107, -31, -11, 12, -54]
______________________________________________________________________________________________________________________________________________________
Node : 29
DATA : null
SHA 256 : [110, -97, -92, -27, -2, 90, 19, 28, 92, -122, -107, 43, 87, -45, -93, -123, -105, -88, -12, 50, -93, 27, 105, 55, -49, 68, -23, -111, 113, -98, -101, 64]
______________________________________________________________________________________________________________________________________________________
Node : 30
DATA : null
SHA 256 : [0, -78, 16, -68, -1, 32, -96, -93, 111, -20, 38, 82, -82, -54, 45, 44, -48, -119, -52, 60, 103, 111, -49, -79, -97, 17, -78, -117, 100, 31, 34, 22]
______________________________________________________________________________________________________________________________________________________



Before updating data at 6

